### var1 :  p_eta_abs 
### var2 :  p_Et 
  +1.566	  +2.500	 +35.000	 +36.000	0.820	0.001	0.864	0.002	0.815	0.833	0.867	0.862
  +1.566	  +2.500	 +36.000	 +37.000	0.831	0.001	0.874	0.001	0.828	0.804	0.875	0.873
  +1.566	  +2.500	 +37.000	 +38.000	0.842	0.001	0.880	0.001	0.836	0.848	0.881	0.883
  +1.566	  +2.500	 +38.000	 +39.000	0.848	0.001	0.888	0.001	0.846	0.853	0.887	0.888
  +1.566	  +2.500	 +39.000	 +40.000	0.854	0.001	0.895	0.001	0.852	0.860	0.894	0.897
  +1.566	  +2.500	 +40.000	 +41.000	0.857	0.001	0.900	0.001	0.857	0.865	0.899	0.903
  +1.566	  +2.500	 +41.000	 +42.000	0.864	0.001	0.905	0.001	0.862	0.867	0.907	0.906
  +1.566	  +2.500	 +42.000	 +43.000	0.872	0.001	0.911	0.001	0.869	0.880	0.909	0.911
  +1.566	  +2.500	 +43.000	 +45.000	0.872	0.001	0.916	0.001	0.873	0.877	0.917	0.918
  +1.566	  +2.500	 +45.000	 +50.000	0.877	0.001	0.919	0.001	0.877	0.886	0.921	0.922
  +1.566	  +2.500	 +50.000	 +55.000	0.884	0.002	0.919	0.002	0.882	0.890	0.923	0.920
  +1.566	  +2.500	 +55.000	 +60.000	0.879	0.003	0.921	0.003	0.880	0.904	0.921	0.916
  +1.566	  +2.500	 +60.000	 +65.000	0.878	0.004	0.918	0.005	0.880	0.795	0.924	0.919
  +1.566	  +2.500	 +65.000	 +70.000	0.901	0.004	0.918	0.006	0.900	0.918	0.925	0.915
  +1.566	  +2.500	 +70.000	 +80.000	0.891	0.005	0.921	0.005	0.890	0.907	0.924	0.918
  +1.566	  +2.500	 +80.000	+100.000	0.897	0.004	0.926	0.005	0.900	0.919	0.926	0.933
  +1.566	  +2.500	+100.000	+1000.000	0.876	0.004	0.928	0.005	0.880	0.909	0.923	0.917
total efficiency : 0.8585	0.0000	0.9008	0.0000	0.8568	0.0000	0.8624	0.0000	0.9016	0.0000	0.9016	0.0000
total sf : 0.9530	0.0000	0.9530	0.0000	0.9511	0.0000	0.9574	0.0000	0.9522	0.0000	0.9522	0.0000
